14                             
0 0 43.8376137 11.1938345 34 i
1 1 43.8382328 11.1951649 32 1
2 0 43.8388983 11.196388 24 l1
4 0 43.8390221 11.2040055 2 d1
6 0 43.839084 11.2056577 2 4
13 0 43.8382483 11.2078464 0 j
3 0 43.8381863 11.1964309 30 l2
5 0 43.8382328 11.1988556 18 d2
7 1 43.8375518 11.199435 18 2 
8 0 43.8379851 11.2007439 12 l3
10 0 43.838047 11.2039197 2 d3
12 0 43.8376911 11.2057006 2 5
9 0 43.8371339 11.2007439 17 l4
11 0 43.8371958 11.2038553 2 d4

15                             
0 1 2 1 unnamed
1 2 5 0.5 unnamed
1 3 5 0.5 unnamed
2 4 22 1 unnamed
3 5 12 1 unnamed
4 6 0 1 unnamed
5 7 0 1 unnamed
6 13 2 1 unnamed
7 8 3 0.4 unnamed
7 9 3 0.6 unnamed
8 10 10 1 unnamed
9 11 15 1 unnamed
10 12 0 1 unnamed
11 12 0 1 unnamed
12 13 2 1 unnamed

