14
0 0 43.8376137 11.1938345 i
1 1 43.8382328 11.1951649 1
2 0 43.8388983 11.196388 l1
3 0 43.8381863 11.1964309 l2
4 0 43.8390221 11.2040055 d1
5 0 43.8382328 11.1988556 d2
6 0 43.839084 11.2056577 4
7 1 43.8375518 11.199435 2 
8 0 43.8379851 11.2007439 l3
9 0 43.8371339 11.2007439 l4
10 0 43.838047 11.2039197 d3
11 0 43.8371958 11.2038553 d4
12 0 43.8376911 11.2057006 5
13 0 43.8382483 11.2078464 j

15
0 1 2 unnamed
1 2 3 unnamed
1 3 3 unnamed
2 4 22 unnamed
3 5 12 unnamed
4 6 0 unnamed
5 7 0 unnamed
6 13 2 unnamed
7 8 4 unnamed
7 9 6 unnamed
8 10 10 unnamed
9 11 15 unnamed
10 12 0 unnamed
11 12 0 unnamed
12 13 2 unnamed
