22
0 0 43.8376137 11.1938345 i
1 1 43.8382328 11.1951649 1
2 1 43.83523 11.19533 3
3 0 43.8388983 11.196388 l1
4 0 43.8381863 11.1964309 l2
5 0 43.83613 11.19653 l6
6 0 43.83500 11.19654 l7
7 0 43.8382328 11.1988556 d2
8 1 43.8375518 11.199435 2
9 0 43.8379851 11.2007439 l3
10 0 43.8371339 11.2007439 l4
11 0 43.83657 11.20076 l5
12 0 43.8390221 11.2040055 d1
13 0 43.838047 11.2039197 d3
14 0 43.8371958 11.2038553 d4
15 0 43.83659 11.20386 d5
16 0 43.83580 11.20400 d6
17 0 43.83504 11.20399 d7
18 0 43.839084 11.2056577 4
19 0 43.8376911 11.2057006 5
20 0 43.83568 11.20561 6
21 0 43.8382483 11.2078464 j

26
0 1 2 unnamed
0 2 5 unnamed
1 3 3 unnamed
1 4 3 unnamed
2 5 10 unnamed
2 6 4 unnamed
3 12 22 unnamed
4 7 12 unnamed
7 8 0 unnamed
5 16 18 unnamed
6 17 24 unnamed
8 9 4 unnamed
8 10 6 unnamed
8 11 5 unnamed
9 13 10 unnamed
10 14 15 unnamed
11 15 17 unnamed
12 18 0 unnamed
13 19 0 unnamed
14 19 0 unnamed
15 19 0 unnamed
16 20 0 unnamed
17 20 0 unnamed
18 21 2 unnamed
19 21 2 unnamed
20 21 7 unnamed
